0.020206
0.023689
-0.016502
-0.027001
-0.0085233
-0.014794
-0.012784
-0.033505
0.050191
0.020656
0.010714
-0.021005
0.025667
-0.053763
-0.0059917
0.026606
0.031788
-0.023548
0.017886
-0.011846
-0.037363
0.021793
-0.056063
0.0019367
-0.010309
0.046007
-0.034232
0.013534
0.016956
-0.020008
-0.0068056
0.0085653
-0.018684
-0.010601
-0.014214
-0.0028838
-0.025584
-0.014384
0.0044012
-0.026061
-0.0066304
0.034088
0.019364
0.0049751
0.016202
-0.0039858
-0.024233
0.046936
0.026986
0.019284
0.016424
0.018204
0.022499
-0.0019646
-0.033661
0.0095743
-0.010896
0.01326
0.00040266
-0.0052324
-0.014768
-0.035113
-0.024686
0.017456
0.016727
-0.0010546
0.025127
0.023893
-0.037216
0.0062683
-0.020141
-0.025641
0.0095694
-0.008617
-0.002173
0.0060976
0.019048
0.0082838
-0.030546
0.033029
-0.016407
0.057956
0.0030321
0.0078597
0.016597
0.0094414
0.0056508
0.01957
-0.018054
0.024192
-0.0075586
-0.016375
0.0061943
0.00076953
-0.0063437
0.0079319
0.0086372
-0.022074
0.010119
-0.0092468
-0.02236
-0.0065632
0.007007
-0.011928
-0.022535
-0.013792
-0.017324
-0.016992
-0.015557
0.016681
-0.010147
0.014831
-0.018268
-0.024518
0.0035907
0.050089
-0.013203
-0.0069055
0.017166
0.046999
0.00081616
-0.0028542
-0.00061337
-0.03662
0.040773
-0.036115
0.089966
0.042921
0.013594
-0.0038582
-0.005533
-0.016877
0.01811
0.0072262
0.019868
-0.0037879
-0.02734
0.0091214
0.020476
-0.0046999
0.0085361
-0.018008
0.0066019
0.0034615
0.033951
-0.0050922
0.0051182
-0.0036874
-0.020268
0.01583
0.0074376
-0.0010547
-0.035545
-0.021164
0.030382
0.015195
-0.009444
0.0019788
-0.0037702
-0.022346
-0.00092166
0.023063
-0.0014427
-0.0036121
0.0023564
0.014105
-0.0098074
-0.0036017
0.0028917
0.019823
0.0030041
0.00070472
-0.016197
-0.021117
0.0085923
0.0099692
0.017408
-0.017993
0.0025148
-0.0016126
0.0014358
-0.0012545
0.006998
0.010157
-0.0091727
0.005697
-0.0084971
0.0078557
0
-0.0030115
-0.022033
0.013808
0.0026882
-0.0060769
-0.043877
-0.014482
-0.020992
0.0023392
0.0079736
0.0042446
-0.0061479
-0.00057993
0.00038685
-0.016821
-0.0023599
-0.0043367
0.0095031
0.00098058
0.0080329
0.021963
0.0095093
0.01168
-0.010801
0.021273
-0.003871
0.015544
0.0063776
0.014123
0.0051776
-0.012611
0.00089944
-0.0021567
-0.012968
-0.031387
-0.0013188
-0.019996
0.0040423
0.0049847
-0.0064861
-0.00019201
-0.0044171
-0.007716
-0.006804
-0.0095909
-0.045059
0.022972
0.00020231
-0.0093042
0.026337
0.0093495
0.002365
0.018482
-0.010618
0.016195
0.0078725
0.024386
-0.00055793
0.0083737
-0.0062742
-0.046797
0.018118
0.0061232
-0.0074173
-0.023376
-0.011575
-0.0069472
-0.010993
0.0097009
-0.035428
-0.0066404
0.0077293
0.00062189
-0.0006215
-0.027363
-0.0025575
0.010684
-0.010359
-0.020722
-0.023124
0.011166
0.0083922
0.010293
0.0069369
0.02648
-0.0035654
0.030941
0.01225
0.0018152
-0.026575
-0.0078594
-0.023765
0.0038437
0.024676
-0.0089267
0.014244
0.01012
-0.010018
0.0086741
0.017609
-0.0080483
-0.025152
0.011236
0.032922
0.015339
0.010202
0.020004
0.0038081
-0.01783
0.011201
-0.0066845
0.0078831
-0.00095383
-0.0043918
0.01074
-0.01518
0.0038536
-0.026296
0.0013799
-0.010433
0.015118
0.033118
-0.020106
0.004065
0.013495
-0.010082
0.0071099
-0.01889
0.0046674
-0.018002
0.041987
-0.002081
-0.0077725
0.01987
0.015362
0.0053506
-0.01303
0.0011157
0.0079866
0.016399
0.00562
0.0027042
-0.0025171
-0.0061283
0.020856
0.0024871
0.0076201
0.027612
-0.0087284
-0.0060428
-0.0071218
-0.0064731
-0.011798
-0.0021383
-0.0035714
0.021505
-0.024211
0.0030565
0.014698
0.0058294
-0.012118
0.016356
0.01137
0.0010377
0.0046648
-0.015821
0.0090861
-0.0065801
0.016733
0.0018858
0.014716
0.019224
0.0024818
0.0057765
-0.0073843
0.0021491
0.023919
0.035444
-0.0090244
-0.0031402
0.0069302
-0.0064133
-0.0056675
-0.015041
-0.0054654
-0.0082431
0.022164
-0.0079719
0.0056252
0.011347
0.0042668
0.004878
-0.0075164
-0.0022089
-0.011227
0.0015992
0.017563
-0.020085
0.0065653
-0.02609
0.016008
0.019293
0.020347
-0.020869
-0.014209
0.013933
-0.0012636
0.0028467
0.0061504
0.011912
0.0052664
0.0053929
0.018544
-0.0070719
0.0025761
0.010732
-0.0044863
0.019078
0.0033903
-0.0066108
0.0023662
0.015344
0.0055217
0.00086705
0.0088074
0.0055818
-0.015798
0.0033261
-0.0010089
-0.0101
0.0061216
0.013472
0.0081475
-0.0015596
0.0014201
-0.018718
-0.0098266
0.0053999
0.011032
-0.015363
-0.013998
-0.011239
-0.020191
-0.010685
-0.031168
-0.0031852
0.002077
0.026148
-0.00046613
0.0079279
0.01203
-0.0056385
0.0026054
0.014827
0.013858
-0.00029713
-0.011443
-0.026909
-0.013904
0.00846
0.018176
0.0038145
-0.02204
-0.011346
0.029555
-0.0082455
-0.0047729
0.0038676
0.0035445
0.016738
-0.0024166
0.020742
0.030406
-0.008061
0.022348
-0.013201
-0.00086306
-0.010078
0.0084351
-0.024517
0.0070964
-0.001468
0.0045575
-0.017855
0.022947
0.034814
0.014358
-0.00055509
0.0077756
-0.015982
0.0022403
0.026544
0.0040827
0.0037951
0.0087767
-0.011377
0.0018955
0.01
-0.001338
0.00066988
-0.020886
0.0031451
0.0035442
0.016979
0.017363
-0.01733
0.03153
0.0033674
-0.0045179
0.014393
0.0025566
