2.0206
2.3689
-1.6502
-2.7001
-0.85233
-1.4794
-1.2784
-3.3505
5.0191
2.0656
1.0714
-2.1005
2.5667
-5.3763
-0.59917
2.6606
3.1788
-2.3548
1.7886
-1.1846
-3.7363
2.1793
-5.6063
0.19367
-1.0309
4.6007
-3.4232
1.3534
1.6956
-2.0008
-0.68056
0.85653
-1.8684
-1.0601
-1.4214
-0.28838
-2.5584
-1.4384
0.44012
-2.6061
-0.66304
3.4088
1.9364
0.49751
1.6202
-0.39858
-2.4233
4.6936
2.6986
1.9284
1.6424
1.8204
2.2499
-0.19646
-3.3661
0.95743
-1.0896
1.326
0.040266
-0.52324
-1.4768
-3.5113
-2.4686
1.7456
1.6727
-0.10546
2.5127
2.3893
-3.7216
0.62683
-2.0141
-2.5641
0.95694
-0.8617
-0.2173
0.60976
1.9048
0.82838
-3.0546
3.3029
-1.6407
5.7956
0.30321
0.78597
1.6597
0.94414
0.56508
1.957
-1.8054
2.4192
-0.75586
-1.6375
0.61943
0.076953
-0.63437
0.79319
0.86372
-2.2074
1.0119
-0.92468
-2.236
-0.65632
0.7007
-1.1928
-2.2535
-1.3792
-1.7324
-1.6992
-1.5557
1.6681
-1.0147
1.4831
-1.8268
-2.4518
0.35907
5.0089
-1.3203
-0.69055
1.7166
4.6999
0.081616
-0.28542
-0.061337
-3.662
4.0773
-3.6115
8.9966
4.2921
1.3594
-0.38582
-0.5533
-1.6877
1.811
0.72262
1.9868
-0.37879
-2.734
0.91214
2.0476
-0.46999
0.85361
-1.8008
0.66019
0.34615
3.3951
-0.50922
0.51182
-0.36874
-2.0268
1.583
0.74376
-0.10547
-3.5545
-2.1164
3.0382
1.5195
-0.9444
0.19788
-0.37702
-2.2346
-0.092166
2.3063
-0.14427
-0.36121
0.23564
1.4105
-0.98074
-0.36017
0.28917
1.9823
0.30041
0.070472
-1.6197
-2.1117
0.85923
0.99692
1.7408
-1.7993
0.25148
-0.16126
0.14358
-0.12545
0.6998
1.0157
-0.91727
0.5697
-0.84971
0.78557
0
-0.30115
-2.2033
1.3808
0.26882
-0.60769
-4.3877
-1.4482
-2.0992
0.23392
0.79736
0.42446
-0.61479
-0.057993
0.038685
-1.6821
-0.23599
-0.43367
0.95031
0.098058
0.80329
2.1963
0.95093
1.168
-1.0801
2.1273
-0.3871
1.5544
0.63776
1.4123
0.51776
-1.2611
0.089944
-0.21567
-1.2968
-3.1387
-0.13188
-1.9996
0.40423
0.49847
-0.64861
-0.019201
-0.44171
-0.7716
-0.6804
-0.95909
-4.5059
2.2972
0.020231
-0.93042
2.6337
0.93495
0.2365
1.8482
-1.0618
1.6195
0.78725
2.4386
-0.055793
0.83737
-0.62742
-4.6797
1.8118
0.61232
-0.74173
-2.3376
-1.1575
-0.69472
-1.0993
0.97009
-3.5428
-0.66404
0.77293
0.062189
-0.06215
-2.7363
-0.25575
1.0684
-1.0359
-2.0722
-2.3124
1.1166
0.83922
1.0293
0.69369
2.648
-0.35654
3.0941
1.225
0.18152
-2.6575
-0.78594
-2.3765
0.38437
2.4676
-0.89267
1.4244
1.012
-1.0018
0.86741
1.7609
-0.80483
-2.5152
1.1236
3.2922
1.5339
1.0202
2.0004
0.38081
-1.783
1.1201
-0.66845
0.78831
-0.095383
-0.43918
1.074
-1.518
0.38536
-2.6296
0.13799
-1.0433
1.5118
3.3118
-2.0106
0.4065
1.3495
-1.0082
0.71099
-1.889
0.46674
-1.8002
4.1987
-0.2081
-0.77725
1.987
1.5362
0.53506
-1.303
0.11157
0.79866
1.6399
0.562
0.27042
-0.25171
-0.61283
2.0856
0.24871
0.76201
2.7612
-0.87284
-0.60428
-0.71218
-0.64731
-1.1798
-0.21383
-0.35714
2.1505
-2.4211
0.30565
1.4698
0.58294
-1.2118
1.6356
1.137
0.10377
0.46648
-1.5821
0.90861
-0.65801
1.6733
0.18858
1.4716
1.9224
0.24818
0.57765
-0.73843
0.21491
2.3919
3.5444
-0.90244
-0.31402
0.69302
-0.64133
-0.56675
-1.5041
-0.54654
-0.82431
2.2164
-0.79719
0.56252
1.1347
0.42668
0.4878
-0.75164
-0.22089
-1.1227
0.15992
1.7563
-2.0085
0.65653
-2.609
1.6008
1.9293
2.0347
-2.0869
-1.4209
1.3933
-0.12636
0.28467
0.61504
1.1912
0.52664
0.53929
1.8544
-0.70719
0.25761
1.0732
-0.44863
1.9078
0.33903
-0.66108
0.23662
1.5344
0.55217
0.086705
0.88074
0.55818
-1.5798
0.33261
-0.10089
-1.01
0.61216
1.3472
0.81475
-0.15596
0.14201
-1.8718
-0.98266
0.53999
1.1032
-1.5363
-1.3998
-1.1239
-2.0191
-1.0685
-3.1168
-0.31852
0.2077
2.6148
-0.046613
0.79279
1.203
-0.56385
0.26054
1.4827
1.3858
-0.029713
-1.1443
-2.6909
-1.3904
0.846
1.8176
0.38145
-2.204
-1.1346
2.9555
-0.82455
-0.47729
0.38676
0.35445
1.6738
-0.24166
2.0742
3.0406
-0.8061
2.2348
-1.3201
-0.086306
-1.0078
0.84351
-2.4517
0.70964
-0.1468
0.45575
-1.7855
2.2947
3.4814
1.4358
-0.055509
0.77756
-1.5982
0.22403
2.6544
0.40827
0.37951
0.87767
-1.1377
0.18955
1
-0.1338
0.066988
-2.0886
0.31451
0.35442
1.6979
1.7363
-1.733
3.153
0.33674
-0.45179
1.4393
0.25566
