0.028101
0.028138
0.028182
0.028155
0.028176
0.028174
0.028176
0.028177
0.028205
0.028255
0.028271
0.028238
0.028249
0.028286
0.028309
0.028295
0.028345
0.028393
0.028392
0.028406
0.028404
0.028414
0.028434
0.028506
0.028509
0.028509
0.02859
0.028592
0.028616
0.028644
0.028651
0.028626
0.028645
0.028636
0.028587
0.028553
0.028517
0.028535
0.028505
0.028503
0.02851
0.028484
0.028549
0.028582
0.028566
0.0286
0.028593
0.028571
0.02861
0.028596
0.028626
0.028629
0.028657
0.028694
0.028695
0.028721
0.02874
0.028706
0.028705
0.02869
0.028655
0.028644
0.028676
0.02869
0.028697
0.028729
0.028705
0.028743
0.028781
0.028814
0.028776
0.028783
0.028801
0.028823
0.028753
0.028752
0.028763
0.028761
0.028768
0.02872
0.028745
0.028727
0.02883
0.028835
0.028843
0.028867
0.028888
0.02889
0.028915
0.028907
0.028952
0.028947
0.02893
0.028924
0.028921
0.028906
0.028924
0.028935
0.028933
0.028951
0.028949
0.02892
0.02892
0.028887
0.028887
0.0289
0.028859
0.02883
0.028824
0.028819
0.028833
0.028833
0.028858
0.028852
0.028864
0.028849
0.028941
0.028942
0.028885
0.02892
0.028966
0.028947
0.028927
0.028913
0.028951
0.029021
0.029059
0.02918
0.029222
0.029249
0.029248
0.029216
0.029219
0.029214
0.029231
0.029263
0.029175
0.029194
0.029117
0.029157
0.029131
0.029148
0.029075
0.029087
0.029096
0.029133
0.029133
0.029144
0.02909
0.029099
0.02913
0.029136
0.029078
0.029074
0.029006
0.029063
0.029086
0.029059
0.029068
0.029056
0.02906
0.029065
0.0291
0.029098
0.029068
0.029041
0.029037
0.029025
0.029016
0.029014
0.028987
0.028976
0.028973
0.028944
0.02895
0.028945
0.028965
0.028999
0.028961
0.028963
0.028964
0.028964
0.02894
0.028956
0.028955
0.028955
0.028962
0.028961
0.028861
0.028865
0.028767
0.028754
0.028743
0.028752
0.028733
0.028767
0.028757
0.028739
0.028748
0.028746
0.028747
0.028704
0.028661
0.028662
0.02866
0.028661
0.028626
0.028636
0.02861
0.028621
0.028661
0.028634
0.028643
0.02861
0.028652
0.028643
0.028663
0.028622
0.028644
0.028657
0.028656
0.028664
0.028618
0.028566
0.028575
0.028558
0.028526
0.02847
0.028483
0.028482
0.028482
0.028441
0.028429
0.02836
0.028356
0.028409
0.028451
0.028429
0.028429
0.028458
0.028479
0.028469
0.02849
0.028487
0.028504
0.028522
0.028559
0.028564
0.028578
0.028577
0.028631
0.028667
0.028673
0.028605
0.028584
0.028514
0.02849
0.028473
0.028451
0.028483
0.02845
0.028463
0.028449
0.028417
0.028389
0.028392
0.028392
0.028377
0.028379
0.028376
0.028378
0.028365
0.028374
0.028389
0.028439
0.028429
0.028431
0.028407
0.028411
0.028429
0.028427
0.02844
0.028444
0.028445
0.02844
0.028456
0.028457
0.028456
0.028443
0.028476
0.028452
0.028428
0.028417
0.028449
0.028466
0.028485
0.028499
0.028494
0.028445
0.028459
0.028433
0.028438
0.02842
0.028409
0.028371
0.028359
0.028346
0.028351
0.028333
0.028328
0.02833
0.028391
0.028398
0.028362
0.028382
0.028382
0.02839
0.028387
0.028376
0.028355
0.028389
0.028382
0.028364
0.028386
0.028397
0.028396
0.028376
0.028382
0.028378
0.028407
0.028421
0.028395
0.028396
0.028381
0.028422
0.028393
0.028376
0.028424
0.028423
0.028402
0.028401
0.028377
0.028377
0.028373
0.028347
0.028384
0.028359
0.028307
0.028337
0.028339
0.028332
0.028305
0.028311
0.028315
0.028318
0.028302
0.02832
0.028308
0.028342
0.028266
0.028271
0.02831
0.028297
0.028312
0.028291
0.0283
0.028345
0.028407
0.028396
0.028391
0.028407
0.028395
0.028396
0.028381
0.028381
0.028373
0.028403
0.02839
0.028403
0.028421
0.028424
0.028415
0.028376
0.028347
0.028345
0.028322
0.028341
0.02835
0.028364
0.028373
0.028378
0.028398
0.028435
0.028436
0.028412
0.02842
0.028399
0.028388
0.0284
0.028425
0.028417
0.028383
0.028414
0.028401
0.028407
0.028396
0.028374
0.028402
0.028413
0.028401
0.02841
0.02844
0.028401
0.028408
0.028428
0.028436
0.028439
0.02842
0.028411
0.028409
0.028425
0.028451
0.02846
0.028424
0.028429
0.02843
0.028417
0.02843
0.028444
0.028436
0.028408
0.028403
0.028397
0.028388
0.028414
0.028412
0.028405
0.028452
0.028454
0.028457
0.028472
0.028466
0.028471
0.028493
0.028521
0.028518
0.028507
0.028522
0.02852
0.028538
0.028572
0.02858
0.028588
0.028573
0.028628
0.028615
0.028607
0.028577
0.028588
0.028615
0.028602
0.028639
0.028684
0.028682
0.028691
0.02869
0.028672
0.028662
0.028679
0.02865
0.028661
0.028647
0.028619
0.028605
0.02865
0.028689
0.028715
0.028714
0.028725
0.028697
0.028665
0.02867
0.028676
0.028647
0.028651
0.028644
0.028545
0.028564
0.028503
0.02851
0.02851
0.028508
0.028469
0.028488
0.028468
0.028469
0.028489
0.028487
0.028477
0.028468
