0.046019
0.046019
0.046019
0.046019
0.046019
0.046019
0.046019
0.046019
0.046019
0.050191
0.050191
0.050191
0.050191
0.050191
0.050191
0.050191
0.050191
0.050191
0.050191
0.050191
0.050191
0.050191
0.050191
0.050191
0.050191
0.050191
0.050191
0.050191
0.050191
0.050191
0.050191
0.050191
0.050191
0.050191
0.050191
0.050191
0.050191
0.050191
0.050191
0.050191
0.046019
0.046019
0.046007
0.046007
0.046007
0.046007
0.046007
0.046007
0.046936
0.046936
0.046936
0.046936
0.046936
0.046936
0.046936
0.046936
0.046936
0.046936
0.046936
0.046936
0.046936
0.046936
0.046936
0.046936
0.046936
0.046936
0.046936
0.046936
0.046936
0.046936
0.046936
0.046936
0.046936
0.046936
0.046936
0.046936
0.046936
0.046936
0.046936
0.046007
0.046007
0.046007
0.057956
0.057956
0.057956
0.057956
0.057956
0.057956
0.057956
0.057956
0.057956
0.057956
0.057956
0.057956
0.057956
0.057956
0.057956
0.057956
0.057956
0.057956
0.057956
0.057956
0.057956
0.057956
0.057956
0.057956
0.057956
0.057956
0.057956
0.057956
0.057956
0.050191
0.046936
0.046019
0.034088
0.033029
0.050089
0.050089
0.050089
0.050089
0.050089
0.050089
0.050089
0.050089
0.050089
0.050089
0.050089
0.089966
0.089966
0.089966
0.089966
0.089966
0.089966
0.089966
0.089966
0.089966
0.089966
0.089966
0.089966
0.089966
0.089966
0.089966
0.089966
0.089966
0.089966
0.089966
0.089966
0.089966
0.089966
0.089966
0.089966
0.089966
0.089966
0.089966
0.089966
0.089966
0.057956
0.050089
0.050089
0.050089
0.050089
0.050089
0.050089
0.050089
0.046999
0.046999
0.046999
0.046999
0.046999
0.042921
0.042921
0.042921
0.042921
0.042921
0.042921
0.042921
0.040773
0.040773
0.040773
0.040773
0.033951
0.033951
0.033951
0.033951
0.033951
0.033951
0.033951
0.033951
0.033029
0.030382
0.030382
0.030382
0.030382
0.030382
0.030382
0.030382
0.030382
0.030382
0.023063
0.023063
0.023063
0.023063
0.023063
0.023063
0.023063
0.023063
0.020476
0.020476
0.019868
0.019823
0.021963
0.021963
0.021963
0.021963
0.021963
0.021963
0.021963
0.021963
0.021963
0.021963
0.021963
0.021963
0.021963
0.021963
0.021963
0.021963
0.021963
0.021963
0.021963
0.021963
0.021963
0.021963
0.021963
0.021963
0.021963
0.021963
0.022972
0.022972
0.022972
0.026337
0.026337
0.026337
0.026337
0.026337
0.026337
0.026337
0.026337
0.026337
0.026337
0.026337
0.026337
0.026337
0.026337
0.026337
0.026337
0.026337
0.026337
0.026337
0.026337
0.026337
0.026337
0.026337
0.026337
0.026337
0.026337
0.026337
0.026337
0.026337
0.026337
0.024386
0.024386
0.024386
0.024386
0.024386
0.02648
0.02648
0.030941
0.030941
0.030941
0.030941
0.030941
0.030941
0.030941
0.030941
0.030941
0.030941
0.030941
0.030941
0.030941
0.030941
0.030941
0.030941
0.030941
0.032922
0.032922
0.032922
0.032922
0.032922
0.032922
0.032922
0.032922
0.032922
0.032922
0.032922
0.032922
0.032922
0.032922
0.032922
0.032922
0.032922
0.032922
0.033118
0.033118
0.033118
0.033118
0.033118
0.033118
0.033118
0.033118
0.033118
0.041987
0.041987
0.041987
0.041987
0.041987
0.041987
0.041987
0.041987
0.041987
0.041987
0.041987
0.041987
0.041987
0.041987
0.041987
0.041987
0.041987
0.041987
0.041987
0.041987
0.041987
0.041987
0.041987
0.041987
0.041987
0.041987
0.041987
0.041987
0.041987
0.033118
0.033118
0.033118
0.033118
0.033118
0.033118
0.033118
0.033118
0.032922
0.032922
0.027612
0.027612
0.027612
0.027612
0.027612
0.027612
0.027612
0.027612
0.035444
0.035444
0.035444
0.035444
0.035444
0.035444
0.035444
0.035444
0.035444
0.035444
0.035444
0.035444
0.035444
0.035444
0.035444
0.035444
0.035444
0.035444
0.035444
0.035444
0.035444
0.035444
0.035444
0.035444
0.035444
0.035444
0.035444
0.035444
0.035444
0.035444
0.033118
0.027612
0.027612
0.023919
0.023919
0.023919
0.023919
0.023919
0.023919
0.023919
0.023919
0.023919
0.022164
0.022164
0.022164
0.022164
0.022164
0.022164
0.022164
0.022164
0.022164
0.022164
0.021505
0.020347
0.020347
0.020347
0.020347
0.020347
0.020347
0.020347
0.020347
0.020347
0.020347
0.020347
0.020347
0.019293
0.019293
0.019293
0.019293
0.019293
0.026148
0.026148
0.026148
0.026148
0.026148
0.026148
0.026148
0.026148
0.026148
0.026148
0.026148
0.026148
0.026148
0.026148
0.026148
0.026148
0.026148
0.029555
0.029555
0.029555
0.029555
0.029555
0.029555
0.029555
0.029555
0.030406
0.030406
0.030406
0.030406
0.030406
0.030406
0.030406
0.030406
0.030406
0.030406
0.030406
0.030406
0.030406
0.034814
0.034814
0.034814
0.034814
0.034814
0.034814
0.034814
0.034814
0.034814
0.034814
0.034814
0.034814
0.034814
0.034814
0.034814
0.034814
0.034814
0.034814
0.034814
0.034814
0.034814
0.034814
0.034814
0.034814
0.034814
