0.030353
0.030353
0.030353
0.030353
0.030353
0.030353
0.030353
0.030353
0.030353
0.03041
0.03041
0.03041
0.03041
0.03041
0.03041
0.03041
0.03041
0.030716
0.030716
0.030716
0.030716
0.030716
0.030716
0.030716
0.030716
0.030716
0.031005
0.031005
0.031005
0.031005
0.031005
0.031005
0.031005
0.031005
0.031005
0.031005
0.031005
0.031005
0.031005
0.031005
0.031005
0.031005
0.031072
0.031072
0.031072
0.031072
0.031072
0.031072
0.031445
0.031072
0.031072
0.031072
0.031072
0.031072
0.031072
0.031072
0.031072
0.031072
0.031072
0.031072
0.031072
0.031072
0.031072
0.031072
0.031072
0.031072
0.031072
0.031072
0.031072
0.031072
0.031072
0.031072
0.031072
0.031072
0.031005
0.031005
0.031005
0.031005
0.031005
0.030716
0.031005
0.031005
0.031072
0.031072
0.031072
0.031072
0.031072
0.031072
0.031072
0.031072
0.031072
0.031072
0.031072
0.031072
0.031072
0.031072
0.031072
0.031072
0.031072
0.031072
0.031072
0.031072
0.031072
0.031072
0.031072
0.031072
0.031072
0.031072
0.031072
0.031072
0.031072
0.031072
0.031072
0.031072
0.031072
0.031072
0.031445
0.031445
0.031445
0.031445
0.031827
0.031827
0.031827
0.031827
0.031827
0.031952
0.031952
0.032069
0.032382
0.032382
0.032382
0.032382
0.032382
0.032382
0.032382
0.032382
0.032069
0.032069
0.031952
0.031952
0.031952
0.031952
0.031827
0.031827
0.031827
0.031952
0.031952
0.031952
0.031952
0.031952
0.031952
0.031952
0.031952
0.031952
0.031827
0.031827
0.031827
0.031827
0.031827
0.031827
0.031827
0.031827
0.031827
0.031827
0.031827
0.031827
0.031827
0.031827
0.031827
0.031827
0.031445
0.031445
0.031445
0.031445
0.031445
0.031445
0.031445
0.031445
0.031445
0.031445
0.031445
0.031445
0.031445
0.031445
0.031445
0.031445
0.031445
0.031445
0.031445
0.031445
0.031072
0.031072
0.031072
0.031072
0.031072
0.031072
0.031072
0.031072
0.031072
0.031072
0.031072
0.031072
0.031072
0.031072
0.031072
0.031072
0.031072
0.031072
0.031072
0.031072
0.031072
0.031072
0.031072
0.031072
0.031072
0.031072
0.031072
0.031072
0.031072
0.031072
0.031072
0.031072
0.031072
0.031072
0.031072
0.031072
0.031072
0.031005
0.031005
0.031005
0.031005
0.031005
0.031005
0.030716
0.030716
0.030716
0.030716
0.030716
0.030716
0.030716
0.030716
0.030716
0.030716
0.030716
0.030716
0.030716
0.030716
0.030716
0.030716
0.030716
0.030716
0.030716
0.030716
0.030716
0.030716
0.030716
0.030716
0.030716
0.030716
0.030716
0.030716
0.030716
0.030716
0.030716
0.030716
0.030716
0.030716
0.030716
0.030716
0.030716
0.030716
0.030716
0.030716
0.030716
0.030716
0.030716
0.030954
0.030954
0.030954
0.030954
0.030954
0.030954
0.030954
0.030954
0.030954
0.030954
0.030954
0.030954
0.030954
0.030954
0.030954
0.030954
0.030954
0.031005
0.031005
0.031005
0.031005
0.031005
0.031005
0.031005
0.031005
0.031005
0.031005
0.031005
0.030954
0.030954
0.030954
0.030954
0.030954
0.030954
0.030954
0.031005
0.031005
0.031005
0.031005
0.031005
0.031005
0.031005
0.031005
0.031005
0.031072
0.031072
0.031072
0.031072
0.031072
0.031072
0.031072
0.031072
0.031072
0.031072
0.031072
0.031072
0.031072
0.031072
0.031072
0.031072
0.031072
0.031072
0.031072
0.031072
0.031072
0.031072
0.031072
0.031072
0.031072
0.031072
0.031072
0.031072
0.031072
0.031072
0.031072
0.031005
0.031005
0.031005
0.031005
0.031005
0.031005
0.031005
0.031005
0.030954
0.030954
0.030954
0.030954
0.030954
0.030954
0.030954
0.030954
0.031005
0.031005
0.031005
0.031005
0.031005
0.031005
0.031005
0.031005
0.031005
0.031005
0.031005
0.031005
0.031005
0.031005
0.031005
0.031005
0.031005
0.031005
0.031005
0.031005
0.031005
0.031005
0.031005
0.031005
0.031005
0.031005
0.031005
0.031005
0.031005
0.031005
0.031005
0.031005
0.031005
0.031005
0.031005
0.031005
0.031005
0.031005
0.031005
0.031005
0.031005
0.031005
0.031005
0.031005
0.031005
0.031005
0.031005
0.031005
0.031005
0.031005
0.031005
0.031005
0.031005
0.031005
0.031005
0.031005
0.031005
0.031005
0.031005
0.031005
0.031005
0.031005
0.031005
0.031005
0.031005
0.031005
0.031005
0.031005
0.031005
0.031005
0.031005
0.031005
0.031005
0.031005
0.031005
0.031005
0.031005
0.031005
0.031005
0.031005
0.031005
0.031005
0.031005
0.031005
0.031005
0.031005
0.031005
0.031005
0.031005
0.031005
0.031005
0.031005
0.031005
0.031005
0.031005
0.031005
0.031005
0.031005
0.031005
0.031005
0.031005
0.031005
0.031005
0.031005
0.031005
0.031005
0.031005
0.031005
0.031415
0.031415
0.031415
0.031415
0.031415
0.031415
0.031415
0.031415
0.031415
0.031415
0.031415
0.031005
0.031005
0.030954
0.030954
0.030954
0.030954
0.030954
0.030954
0.030954
0.030954
0.031005
0.031005
0.031005
0.031005
