0.051878
0.051855
0.051845
0.051817
0.051797
0.051819
0.051809
0.051798
0.051868
0.052088
0.052086
0.052054
0.052037
0.052084
0.052289
0.052276
0.052282
0.052316
0.052276
0.052264
0.052272
0.052344
0.052341
0.05256
0.052561
0.052548
0.052701
0.052746
0.052775
0.052742
0.05269
0.052693
0.052709
0.052658
0.052632
0.052609
0.052634
0.052604
0.052581
0.052584
0.052598
0.052605
0.052677
0.052646
0.052672
0.052672
0.052724
0.052704
0.052806
0.052749
0.052779
0.052778
0.052745
0.052721
0.052722
0.052727
0.052718
0.052709
0.05271
0.052729
0.052747
0.052697
0.052714
0.05267
0.052665
0.052642
0.052654
0.052642
0.052682
0.052775
0.052769
0.05276
0.052736
0.052747
0.052654
0.052653
0.052648
0.052647
0.052691
0.052579
0.052644
0.052604
0.052887
0.052888
0.052878
0.052847
0.052861
0.052858
0.052833
0.052778
0.052767
0.052744
0.052703
0.052713
0.052714
0.052702
0.052722
0.052708
0.052657
0.052642
0.052662
0.052633
0.052661
0.052667
0.052667
0.052643
0.052617
0.052588
0.052532
0.052477
0.052462
0.052458
0.052431
0.052375
0.052382
0.052402
0.052621
0.052614
0.052582
0.052584
0.052764
0.052788
0.052802
0.052814
0.05285
0.053007
0.053049
0.053609
0.053755
0.053737
0.053731
0.053748
0.053735
0.05373
0.053758
0.053727
0.053548
0.053559
0.053326
0.053344
0.053359
0.053353
0.053185
0.053181
0.053235
0.053301
0.053334
0.053388
0.053377
0.053347
0.053371
0.053361
0.053223
0.053264
0.053098
0.053124
0.053095
0.053087
0.053109
0.053105
0.053046
0.053081
0.05306
0.053058
0.053079
0.05311
0.053113
0.053079
0.053074
0.053076
0.053001
0.05304
0.0531
0.053072
0.053013
0.053021
0.053057
0.053041
0.053003
0.053003
0.053006
0.053006
0.053032
0.053041
0.053042
0.053053
0.05311
0.053127
0.052647
0.052659
0.052409
0.052371
0.052315
0.052336
0.052332
0.052463
0.05241
0.052376
0.052395
0.052397
0.052453
0.05246
0.052473
0.052474
0.052414
0.052418
0.052438
0.05248
0.052512
0.052499
0.052533
0.052533
0.052518
0.052509
0.052523
0.052515
0.052487
0.052376
0.052348
0.052369
0.052375
0.0524
0.052409
0.052272
0.052298
0.052314
0.05228
0.052221
0.052233
0.052225
0.052225
0.052239
0.052215
0.052127
0.052095
0.052255
0.052241
0.052269
0.052273
0.052285
0.052311
0.052325
0.052305
0.052271
0.052248
0.052259
0.052245
0.052259
0.052247
0.052241
0.052359
0.052351
0.052405
0.052219
0.052193
0.051977
0.051977
0.051947
0.051953
0.05197
0.051979
0.05197
0.051987
0.051966
0.051941
0.051954
0.051954
0.051922
0.051862
0.051815
0.051812
0.051827
0.051813
0.051812
0.051858
0.051906
0.051914
0.0519
0.05196
0.051968
0.051997
0.051991
0.051988
0.051991
0.051962
0.051989
0.051987
0.051999
0.051982
0.052008
0.052002
0.051979
0.051945
0.052011
0.052034
0.052073
0.052069
0.052077
0.052014
0.051993
0.051997
0.05199
0.052007
0.052
0.051949
0.051945
0.051964
0.051975
0.052
0.051963
0.051961
0.052005
0.051996
0.052006
0.05204
0.052029
0.052019
0.051959
0.051975
0.051941
0.052076
0.052074
0.052094
0.052077
0.052064
0.05211
0.052079
0.052131
0.052152
0.052123
0.052144
0.052173
0.052224
0.052214
0.052228
0.052257
0.052277
0.052279
0.052298
0.0523
0.052298
0.052303
0.052288
0.052346
0.052367
0.052402
0.052379
0.05224
0.052229
0.052226
0.052179
0.052124
0.052114
0.052117
0.052114
0.052072
0.052108
0.052091
0.052079
0.051927
0.051921
0.051928
0.051948
0.051981
0.051974
0.051991
0.052027
0.052085
0.052054
0.052047
0.052051
0.052034
0.052062
0.052017
0.052017
0.051988
0.05197
0.051949
0.051956
0.051934
0.051931
0.051947
0.051952
0.051979
0.051945
0.051975
0.051954
0.051923
0.051922
0.05188
0.051876
0.051861
0.051839
0.051782
0.051755
0.051744
0.051766
0.051782
0.051829
0.051853
0.051865
0.051874
0.051904
0.051886
0.051943
0.051953
0.051963
0.051934
0.051954
0.051938
0.051969
0.051991
0.051987
0.052006
0.052026
0.05202
0.051981
0.052008
0.052011
0.051984
0.052002
0.052026
0.052014
0.05204
0.052047
0.052047
0.052015
0.05205
0.052088
0.052032
0.052008
0.051968
0.051959
0.051919
0.051915
0.05191
0.051917
0.051912
0.051916
0.05191
0.051889
0.051873
0.051876
0.051848
0.051864
0.051923
0.051937
0.051899
0.051852
0.051851
0.051832
0.051833
0.051832
0.051798
0.051865
0.051892
0.05188
0.051904
0.051937
0.051967
0.05197
0.051946
0.051967
0.05195
0.051918
0.051923
0.051951
0.051916
0.051912
0.051883
0.051932
0.05194
0.051905
0.051863
0.051863
0.051937
0.051916
0.051972
0.051962
0.051909
0.051876
0.051886
0.051885
0.051909
0.051903
0.051919
0.051629
0.051619
0.051571
0.051603
0.051549
0.051601
0.051609
0.051629
0.051595
0.05154
0.051592
0.051593
0.051584
0.051585
