4.2455
4.0555
4.3846
4.4825
4.4164
4.3666
4.3162
4.0523
4.4219
5.0579
5.5772
5.2194
5.103
4.9588
5.8505
5.7808
5.4896
5.9958
5.9686
5.5403
5.7629
5.6121
5.3242
7.2108
6.0653
6.0226
6.5146
6.0865
6.6409
6.0758
6.0931
5.8462
5.6656
5.9884
5.8446
5.3801
4.975
5.1933
5.4242
4.7525
4.9207
4.6822
5.0364
4.933
4.5502
4.8715
4.7799
4.7804
5.6024
5.3615
5.6602
5.0967
4.6443
5.3842
5.1957
5.4468
5.1404
5.3273
4.79
4.8424
4.6877
4.5264
5.1022
5.1345
5.1865
4.8253
4.8319
4.8162
4.7998
4.8088
4.9249
5.4374
5.1849
5.1607
4.4801
4.6969
4.8293
4.2006
4.0942
4.698
4.9062
4.9013
5.7474
5.5465
6.3024
5.7603
5.3363
5.0577
5.0319
4.6647
4.8145
4.6558
4.9245
5.1197
4.5769
4.2173
3.9763
4.1025
4.4139
3.8779
3.7149
4.0331
3.824
3.9622
4.0739
4.1602
4.1484
3.6939
3.983
4.1663
3.9444
3.9158
3.7832
3.6093
4.0304
4.2463
4.5449
4.4135
4.6037
4.5201
4.854
4.7826
5.1998
4.1118
5.1614
5.2533
5.6473
7.5162
8.1876
7.0671
6.9221
6.6035
7.1326
6.6251
6.5548
6.4915
6.4045
6.133
5.7422
6.6459
5.6575
5.6277
5.5014
5.1607
5.4856
5.3962
5.3664
5.124
5.2928
5.118
5.0044
4.7983
4.2211
4.4478
5.0593
4.5791
4.6299
4.8694
4.9064
4.6343
4.6444
4.5053
4.5275
4.5301
3.9714
4.0851
3.8933
4.2102
3.6709
3.6985
3.5737
3.5199
3.4618
3.3392
3.7107
3.414
3.9672
3.5777
3.6672
3.2874
3.2167
3.0796
3.2854
2.831
3.2457
3.0178
2.7886
2.6878
2.7674
2.5931
2.5905
2.8986
2.6845
2.6438
2.7836
4.0028
4.2566
3.679
4.0751
3.8694
3.7315
3.451
3.0937
3.168
3.177
3.3502
2.8851
3.0646
2.9345
2.676
2.8653
2.9336
3.1318
2.9849
2.8205
3.1514
3.1674
2.9878
2.9336
2.7715
3.2437
2.9994
2.9097
2.7999
3.7055
3.3802
3.5568
3.3279
3.1625
2.9758
3.2764
2.7907
2.7403
2.7154
2.8037
3.9902
3.9225
3.7385
3.3776
4.4613
3.9564
3.6606
3.8241
3.3993
3.5769
3.5548
3.9351
3.9004
3.4801
3.5925
4.4473
4.2014
4.482
3.801
4.2514
4.1443
3.7496
4.2245
3.5553
4.4109
4.379
3.7643
3.8148
3.7281
4.1454
3.8679
3.7837
3.7459
3.5621
3.771
3.8493
4.0898
3.7578
3.639
3.5936
3.4901
4.1974
3.8876
4.0945
4.3695
3.6157
3.965
3.9225
4.0054
4.3174
3.676
4.048
3.7729
3.9094
3.772
3.385
3.8512
3.6625
3.9816
4.0303
3.9583
3.8396
3.9552
3.6304
4.0757
3.621
3.5817
3.9269
3.3559
3.1024
3.6302
3.6416
3.5165
3.4276
3.5604
3.4004
3.8672
3.9618
3.9644
3.6659
3.6126
3.4876
3.7874
3.318
3.7773
4.5556
4.4209
4.1951
4.2757
4.0336
3.8442
4.2554
3.6405
3.5629
3.6429
3.4953
3.6654
3.1662
3.2064
3.2045
3.215
2.8658
3.609
3.2808
3.3237
3.5094
3.212
3.027
2.827
2.747
3.3838
3.3112
3.3387
3.2555
3.1941
3.2531
3.1587
3.0668
3.2765
3.178
3.3133
3.0649
2.8279
2.867
2.7462
2.841
3.1637
2.7937
2.9018
2.9389
2.7404
3.3714
3.5182
3.5502
3.7475
3.1976
3.5453
3.0975
3.1152
2.9485
3.1267
3.1058
3.3059
3.1706
3.0224
2.8949
3.2472
2.7277
2.7167
2.8475
2.6729
2.7874
2.9412
3.0901
3.4445
3.3646
3.7361
3.5853
3.552
3.6923
3.8677
3.6739
3.1353
3.2034
3.2932
2.9768
3.3346
3.0252
3.3045
2.9662
2.8299
2.753
3.2337
3.0235
3.0459
2.7539
2.749
2.6474
2.8599
2.4878
2.5074
2.7032
2.6814
2.4654
2.5103
2.4101
2.3419
2.4361
2.4041
2.6215
2.7934
2.6496
2.4082
2.648
2.618
2.6868
2.8741
3.056
3.3657
3.6289
3.2296
3.1711
3.3669
3.2515
3.4684
3.2921
2.9842
2.9991
3.0479
3.0322
3.143
3.1322
3.5733
2.8786
3.0825
3.2696
3.3831
3.2016
3.631
4.0949
3.9287
3.1756
3.59
3.323
3.4892
3.2539
3.5181
3.6995
3.7558
3.8448
3.5909
3.7593
3.5874
3.552
3.939
3.5261
3.3682
3.5305
3.6233
4.1852
3.6977
3.9501
4.285
4.001
4.0931
3.6911
3.8697
3.8177
3.3974
3.749
3.5802
3.4646
3.1291
3.0182
3.4412
3.3522
3.1862
3.029
3.0965
3.3652
3.4122
3.8728
3.6591
3.4042
3.4092
