2.9222
2.923
3.1336
2.9286
3.0597
3.2157
2.9156
2.8551
3.2509
3.7039
3.668
3.5102
3.565
3.4247
4.105
3.9923
4.0859
4.066
4.0254
4.2048
3.9827
4.2069
3.8143
5.1297
4.319
4.0048
4.819
4.4869
4.7399
4.5292
4.2744
4.2535
4.223
4.2628
3.9317
3.527
3.6876
3.723
3.6834
3.3994
3.5369
3.5512
3.797
3.6511
3.3048
3.5329
3.4922
3.1827
3.9773
3.9812
3.9786
4.0525
3.5405
3.7425
3.7943
3.8021
3.5541
3.6666
3.6923
3.3499
3.3758
3.2584
3.5166
3.4145
3.3348
3.5654
3.2315
3.5732
3.3762
3.5944
3.5814
3.7476
3.5333
3.484
3.2715
3.2691
3.1666
3.0059
3.0741
3.1267
3.3862
3.3579
4.0503
4.1466
3.8672
4.1381
3.6809
3.5504
3.7536
3.307
3.2826
3.378
3.4673
3.3351
3.4286
3.0894
2.8483
3.0561
2.9757
2.8131
2.6742
2.9255
2.7342
2.7171
2.7498
2.7613
2.9067
2.6405
2.8484
2.7536
2.8379
2.5675
2.5573
2.731
2.6394
2.7141
3.3155
3.1873
3.0796
3.1212
3.4135
3.446
3.5135
3.0434
3.6302
3.7833
4.1905
5.1277
5.3191
5.1502
5.2627
4.8108
5.19
4.6219
4.8977
4.2644
4.7259
4.5065
4.3022
4.3853
4.0458
3.9007
3.9632
3.6994
3.571
3.9351
3.6186
3.5607
3.4508
3.2503
3.4172
3.5179
2.9958
3.4065
3.631
3.406
3.2176
3.2781
3.333
3.2592
3.2639
2.9201
3.2362
3.0162
2.8915
2.709
2.8078
2.7173
2.7141
2.4311
2.5257
2.5563
2.4894
2.4576
2.5454
2.5539
2.5634
2.4413
2.6506
2.3845
2.3409
2.2837
2.0913
2.162
1.933
2.0644
1.9868
1.8502
1.8002
1.8155
1.8446
2.0297
1.9029
1.9542
1.9472
2.7452
2.7539
2.8229
2.6704
2.6274
2.5715
2.4799
2.3933
2.1418
2.3884
2.3368
2.1474
2.1823
2.0095
1.953
1.9989
2.1346
2.1854
2.1101
2.0932
2.0579
2.3074
2.205
2.1947
1.9943
2.0865
2.0342
1.9807
1.8943
2.5567
2.2274
2.3868
2.413
2.2715
2.2171
2.3062
2.0671
1.8627
1.8479
1.8661
2.6459
2.9716
2.7441
2.5132
2.9185
2.8349
2.6509
2.6737
2.6251
2.5432
2.606
2.7318
2.5378
2.5245
2.3856
3.1609
2.865
2.9768
2.6334
3.0459
2.9203
2.8652
3.0161
2.7075
3.1813
3.1148
2.8354
2.7556
2.6716
2.9485
2.8971
2.5878
2.6168
2.6724
2.7855
2.6803
2.6776
2.5315
2.5365
2.7218
2.6255
2.9071
2.6731
2.6331
2.9865
2.7258
2.7995
2.7272
3.0134
2.9392
2.622
2.723
2.6141
2.5682
2.7155
2.5365
2.8499
2.6751
2.9221
3.1797
2.8346
2.8688
2.7173
2.7952
2.8616
2.5834
2.5582
2.603
2.5376
2.2324
2.5155
2.3197
2.6042
2.3552
2.3008
2.3827
2.7824
2.8592
2.64
2.6863
2.7928
2.4825
2.4727
2.4395
2.4853
3.2572
3.2396
3.0774
2.9379
2.7302
2.7351
3.0304
2.4491
2.5651
2.5732
2.598
2.3604
2.3594
2.0757
2.3455
2.207
2.103
2.5569
2.3975
2.4491
2.3129
2.3716
2.1851
2.1494
2.1765
2.2293
2.3293
2.3617
2.27
2.3717
2.373
2.3703
2.3289
2.1836
2.3385
2.1243
2.0876
2.1371
2.0488
2.0834
2.2368
2.0958
2.1223
2.0657
2.0649
2.0254
2.3114
2.4945
2.5885
2.5967
2.2841
2.3312
2.2499
2.1083
2.2717
2.3383
2.2988
2.2835
2.2801
2.2182
2.0154
2.1163
1.9793
1.9244
1.9177
1.8193
2.0472
2.1154
2.2271
2.3342
2.3578
2.5824
2.5648
2.4942
2.6046
2.9928
2.6623
2.2766
2.3217
2.22
2.2599
2.3552
2.2732
2.3571
2.0843
1.9657
2.0324
2.2395
2.015
1.9971
2.0192
2.0978
1.9242
1.9171
1.9012
1.874
2.0196
1.761
1.764
1.7506
1.7334
1.6972
1.7904
1.6758
1.745
1.9653
1.7961
1.7349
1.8644
1.8819
1.8624
2.027
2.0081
2.2296
2.5272
2.3035
2.1718
2.6576
2.395
2.4748
2.2349
2.1975
2.0625
2.0439
2.119
2.0876
2.1646
2.4868
2.2251
2.3393
2.3553
2.4408
2.3742
2.6276
2.8534
2.514
2.4362
2.4782
2.227
2.4095
2.3592
2.5559
2.4901
2.7726
2.4472
2.608
2.711
2.3864
2.62
2.8013
2.4906
2.4048
2.4249
2.6153
2.6803
2.8546
2.7296
3.0007
2.7046
2.5596
2.5797
2.6772
2.7279
2.518
2.5129
2.4064
2.5613
2.2673
2.3049
2.2463
2.3278
2.1737
2.0885
2.3762
2.3797
2.3549
2.753
2.7021
2.4838
2.4248
