0.040639
0.040639
0.040639
0.037859
0.037685
0.037685
0.033645
0.033645
0.030356
0.050191
0.050191
0.050191
0.050191
0.050191
0.046019
0.046019
0.043115
0.043115
0.043115
0.037859
0.037685
0.031788
0.031788
0.031788
0.031788
0.031788
0.046007
0.046007
0.046007
0.046007
0.046007
0.046007
0.046007
0.046007
0.046007
0.043115
0.037859
0.031788
0.031788
0.031788
0.031788
0.031788
0.034088
0.034088
0.034088
0.034088
0.034088
0.034088
0.046936
0.046936
0.046936
0.046936
0.046936
0.046007
0.046007
0.046007
0.046007
0.034088
0.034088
0.034088
0.034088
0.034088
0.034088
0.031788
0.031788
0.026986
0.026986
0.026986
0.026986
0.026986
0.026986
0.025667
0.025127
0.025127
0.025127
0.025127
0.025127
0.025127
0.025127
0.025127
0.033029
0.033029
0.057956
0.057956
0.057956
0.050191
0.046936
0.046019
0.034088
0.033029
0.033029
0.033029
0.033029
0.033029
0.033029
0.033029
0.033029
0.033029
0.026986
0.025127
0.025127
0.025127
0.024192
0.024192
0.024192
0.024192
0.024192
0.024192
0.024192
0.023893
0.023893
0.01957
0.01957
0.01957
0.01957
0.01957
0.050089
0.050089
0.050089
0.050089
0.050089
0.046999
0.046999
0.046999
0.046999
0.046999
0.046999
0.089966
0.089966
0.089966
0.057956
0.050089
0.050089
0.050089
0.050089
0.050089
0.050089
0.050089
0.046999
0.046999
0.046999
0.046999
0.046999
0.042921
0.042921
0.042921
0.042921
0.042921
0.042921
0.042921
0.040773
0.040773
0.040773
0.040773
0.033951
0.033951
0.033951
0.033951
0.033951
0.033951
0.033951
0.033951
0.033029
0.030382
0.030382
0.030382
0.030382
0.030382
0.030382
0.030382
0.030382
0.030382
0.023063
0.023063
0.023063
0.023063
0.023063
0.023063
0.023063
0.023063
0.020476
0.020476
0.019868
0.019823
0.019823
0.019823
0.019823
0.019823
0.019823
0.019823
0.01811
0.017408
0.017408
0.017408
0.017408
0.017408
0.017408
0.017408
0.01583
0.015195
0.014105
0.014105
0.014105
0.013808
0.013808
0.013808
0.013808
0.013808
0.013808
0.013808
0.021963
0.021963
0.021963
0.021963
0.021963
0.021273
0.021273
0.021273
0.021273
0.021273
0.021273
0.021273
0.021273
0.021273
0.021273
0.021273
0.021273
0.021273
0.017408
0.015544
0.015544
0.015544
0.015544
0.015544
0.015544
0.015544
0.022972
0.022972
0.022972
0.026337
0.026337
0.026337
0.026337
0.022972
0.022972
0.022972
0.024386
0.024386
0.024386
0.024386
0.024386
0.024386
0.024386
0.024386
0.024386
0.024386
0.024386
0.024386
0.022972
0.022972
0.022972
0.022972
0.021963
0.021273
0.018482
0.018482
0.018482
0.018482
0.018118
0.018118
0.018118
0.018118
0.018118
0.018118
0.02648
0.02648
0.030941
0.030941
0.030941
0.02648
0.02648
0.02648
0.02648
0.02648
0.02648
0.02648
0.02648
0.02648
0.02648
0.02648
0.026337
0.024676
0.024676
0.032922
0.032922
0.032922
0.030941
0.030941
0.030941
0.030941
0.030941
0.02648
0.02648
0.02648
0.02648
0.024676
0.024676
0.024676
0.024676
0.024386
0.020004
0.033118
0.033118
0.033118
0.032922
0.032922
0.032922
0.032922
0.032922
0.030941
0.041987
0.041987
0.041987
0.033118
0.033118
0.033118
0.033118
0.033118
0.033118
0.033118
0.033118
0.032922
0.032922
0.02648
0.024676
0.020856
0.020856
0.027612
0.027612
0.027612
0.027612
0.027612
0.027612
0.027612
0.027612
0.027612
0.027612
0.027612
0.02648
0.021505
0.021505
0.021505
0.021505
0.021505
0.021505
0.021505
0.021505
0.021505
0.021505
0.021505
0.020856
0.020856
0.020856
0.020856
0.01987
0.019224
0.023919
0.035444
0.035444
0.035444
0.035444
0.033118
0.027612
0.027612
0.023919
0.023919
0.023919
0.023919
0.023919
0.023919
0.023919
0.023919
0.023919
0.022164
0.022164
0.022164
0.022164
0.022164
0.022164
0.022164
0.022164
0.022164
0.022164
0.021505
0.020347
0.020347
0.020347
0.020347
0.020347
0.020347
0.020347
0.020347
0.020347
0.020347
0.020347
0.020347
0.019293
0.019293
0.019293
0.019293
0.019293
0.019293
0.019293
0.019078
0.019078
0.019078
0.019078
0.019078
0.019078
0.019078
0.019078
0.019078
0.019078
0.018544
0.018544
0.018544
0.018544
0.018544
0.017563
0.016733
0.016008
0.015344
0.015344
0.015344
0.015344
0.015344
0.013933
0.026148
0.026148
0.026148
0.026148
0.020347
0.019293
0.019078
0.019078
0.018544
0.018544
0.016008
0.015344
0.015344
0.018176
0.018176
0.018176
0.018176
0.029555
0.029555
0.029555
0.029555
0.026148
0.026148
0.026148
0.026148
0.030406
0.030406
0.030406
0.029555
0.029555
0.029555
0.029555
0.029555
0.029555
0.029555
0.029555
0.026148
0.026148
0.034814
0.034814
0.034814
0.030406
0.030406
0.030406
0.030406
0.030406
0.030406
0.029555
0.029555
0.029555
0.026544
0.026544
0.026544
0.026544
0.026544
0.026544
0.026544
0.026544
0.026544
0.03153
0.03153
0.03153
0.03153
